          water-data               point-a       interval-ab         point-b	       interval-bc	      point-c    	   interval-ce	      point-e	      interval-ef	       point-f	         interval-fg	      point-g	        interval-gl	        point-g
0.101972 0.040789 0.040789 0.014276 0.012089 0.040789 0.203944 0.000000 0.000000 0.000000 0.000000 0.000000 0.000000 0.000000 0.000000 0.000000 0.000000 0.000000 0.000000 0.000000 
0.937831 1.094136 0.625221 0.312610 0.143886 1.250441 0.000000 0.000000 0.000000 0.000000 0.000000 0.000000 0.000000 0.000000 0.000000 0.000000 0.000000 0.000000 0.000000 0.000000 
0.203944 0.203944 0.203944 0.203944 0.040295 0.203944 0.000000 0.000000 0.000000 0.000000 0.000000 0.000000 0.000000 0.000000 0.000000 0.000000 0.000000 0.000000 0.000000 0.000000 
0.000000 20.000000 30.000000 18.960197 65.000000 17.825272 85.000000 17.159262 95.000000 16.832376 135.000000 16.676401 175.000000 15.385171 0.000000 0.000000 0.000000 0.000000 0.000000 0.000000 
0.000000 19.898028 30.000000 18.919408 65.000000 17.784483 85.000000 17.144986 95.000000 16.820287 135.000000 16.635612 175.000000 15.181226 0.000000 0.000000 0.000000 0.000000 0.000000 0.000000 
0.000000 19.796056 30.000000 18.756252 65.000000 17.621327 85.000000 16.955318 95.000000 16.792080 135.000000 16.472457 175.000000 15.385171 0.000000 0.000000 0.000000 0.000000 0.000000 0.000000 
0.000000 19.694084 30.000000 18.715464 65.000000 17.580538 85.000000 16.941042 95.000000 16.779992 135.000000 16.431668 175.000000 15.181226 0.000000 0.000000 0.000000 0.000000 0.000000 0.000000 
0.101972 0.040789 0.040789 0.014276 0.012089 0.040789 0.203944 0.000000 0.000000 0.000000 0.000000 0.000000 0.000000 0.000000 0.000000 0.000000 0.000000 0.000000 0.000000 0.000000 
0.937831 1.094136 0.625221 0.312610 0.143886 1.250441 0.000000 0.000000 0.000000 0.000000 0.000000 0.000000 0.000000 0.000000 0.000000 0.000000 0.000000 0.000000 0.000000 0.000000 
0.203944 0.203944 0.203944 0.203944 0.040295 0.203944 0.000000 0.000000 0.000000 0.000000 0.000000 0.000000 0.000000 0.000000 0.000000 0.000000 0.000000 0.000000 0.000000 0.000000 
0.000000 20.000000 30.000000 18.960197 65.000000 17.825272 85.000000 17.159262 95.000000 16.832376 135.000000 16.676401 175.000000 15.385171 0.000000 0.000000 0.000000 0.000000 0.000000 0.000000 
0.000000 19.898028 30.000000 18.919408 65.000000 17.784483 85.000000 17.144986 95.000000 16.820287 135.000000 16.635612 175.000000 15.181226 0.000000 0.000000 0.000000 0.000000 0.000000 0.000000 
0.000000 19.796056 30.000000 18.756252 65.000000 17.621327 85.000000 16.955318 95.000000 16.792080 135.000000 16.472457 175.000000 15.385171 0.000000 0.000000 0.000000 0.000000 0.000000 0.000000 
0.000000 19.694084 30.000000 18.715464 65.000000 17.580538 85.000000 16.941042 95.000000 16.779992 135.000000 16.431668 175.000000 15.181226 0.000000 0.000000 0.000000 0.000000 0.000000 0.000000 
0.101972 0.040789 0.040789 0.014276 0.012089 0.040789 0.203944 0.000000 0.000000 0.000000 0.000000 0.000000 0.000000 0.000000 0.000000 0.000000 0.000000 0.000000 0.000000 0.000000 
0.937831 1.094136 0.625221 0.312610 0.143886 1.250441 0.000000 0.000000 0.000000 0.000000 0.000000 0.000000 0.000000 0.000000 0.000000 0.000000 0.000000 0.000000 0.000000 0.000000 
0.203944 0.203944 0.203944 0.203944 0.040295 0.203944 0.000000 0.000000 0.000000 0.000000 0.000000 0.000000 0.000000 0.000000 0.000000 0.000000 0.000000 0.000000 0.000000 0.000000 
0.000000 20.000000 30.000000 18.960197 65.000000 17.825272 85.000000 17.159262 95.000000 16.832376 135.000000 16.676401 175.000000 15.385171 0.000000 0.000000 0.000000 0.000000 0.000000 0.000000 
0.000000 19.898028 30.000000 18.919408 65.000000 17.784483 85.000000 17.144986 95.000000 16.820287 135.000000 16.635612 175.000000 15.181226 0.000000 0.000000 0.000000 0.000000 0.000000 0.000000 
0.000000 19.796056 30.000000 18.756252 65.000000 17.621327 85.000000 16.955318 95.000000 16.792080 135.000000 16.472457 175.000000 15.385171 0.000000 0.000000 0.000000 0.000000 0.000000 0.000000 
0.000000 19.694084 30.000000 18.715464 65.000000 17.580538 85.000000 16.941042 95.000000 16.779992 135.000000 16.431668 175.000000 15.181226 0.000000 0.000000 0.000000 0.000000 0.000000 0.000000 
0.101972 0.040789 0.040789 0.014276 0.012089 0.040789 0.203944 0.000000 0.000000 0.000000 0.000000 0.000000 0.000000 0.000000 0.000000 0.000000 0.000000 0.000000 0.000000 0.000000 
0.937831 1.094136 0.625221 0.312610 0.143886 1.250441 0.000000 0.000000 0.000000 0.000000 0.000000 0.000000 0.000000 0.000000 0.000000 0.000000 0.000000 0.000000 0.000000 0.000000 
0.203944 0.203944 0.203944 0.203944 0.040295 0.203944 0.000000 0.000000 0.000000 0.000000 0.000000 0.000000 0.000000 0.000000 0.000000 0.000000 0.000000 0.000000 0.000000 0.000000 
0.000000 20.000000 30.000000 18.960197 65.000000 17.825272 85.000000 17.159262 95.000000 16.832376 135.000000 16.676401 175.000000 15.385171 0.000000 0.000000 0.000000 0.000000 0.000000 0.000000 
0.000000 19.898028 30.000000 18.919408 65.000000 17.784483 85.000000 17.144986 95.000000 16.820287 135.000000 16.635612 175.000000 15.181226 0.000000 0.000000 0.000000 0.000000 0.000000 0.000000 
0.000000 19.796056 30.000000 18.756252 65.000000 17.621327 85.000000 16.955318 95.000000 16.792080 135.000000 16.472457 175.000000 15.385171 0.000000 0.000000 0.000000 0.000000 0.000000 0.000000 
0.000000 19.694084 30.000000 18.715464 65.000000 17.580538 85.000000 16.941042 95.000000 16.779992 135.000000 16.431668 175.000000 15.181226 0.000000 0.000000 0.000000 0.000000 0.000000 0.000000 
