          water-data               point-a       interval-ab         point-b	       interval-bc	      point-c    	   interval-ce	      point-e	      interval-ef	       point-f	         interval-fg	      point-g	        interval-gl	        point-g
0.10197214 0.04078886 0.04078886 0.01427610 0.01208861 0.04078886 0.20394428             
0.93783112 1.09413630 0.62522074 0.31261037 0.14388601 1.25044149 0.00000000             
0.20394428 0.20394428 0.20394428 0.20394428 0.04029536 0.20394428 0.00000000             
0.00000000,20.00000000 30.00000000,18.96019674 65.00000000,17.82527158 85.00000000,17.15926198 95.00000000,16.83237551 135.00000000,16.67640089 175.00000000,15.38517055             
0.00000000,19.89802786 30.00000000,18.91940789 65.00000000,17.78448273 85.00000000,17.14498588 95.00000000,16.82028690 135.00000000,16.63561204 175.00000000,15.18122627             
0.00000000,19.79605572 30.00000000,18.75625246 65.00000000,17.62132730 85.00000000,16.95531770 95.00000000,16.79208015 135.00000000,16.47245661 175.00000000,15.38517055             
0.00000000,19.69408358 30.00000000,18.71546360 65.00000000,17.58053844 85.00000000,16.94104160 95.00000000,16.77999154 135.00000000,16.43166775 175.00000000,15.18122627             
0.10197214 0.04078886 0.04078886 0.01427610 0.01208861 0.04078886 0.20394428             
0.93783112 1.09413630 0.62522074 0.31261037 0.14388601 1.25044149 0.00000000             
0.20394428 0.20394428 0.20394428 0.20394428 0.04029536 0.20394428 0.00000000             
0.00000000,20.00000000 30.00000000,18.96019674 65.00000000,17.82527158 85.00000000,17.15926198 95.00000000,16.83237551 135.00000000,16.67640089 175.00000000,15.38517055             
0.00000000,19.89802786 30.00000000,18.91940789 65.00000000,17.78448273 85.00000000,17.14498588 95.00000000,16.82028690 135.00000000,16.63561204 175.00000000,15.18122627             
0.00000000,19.79605572 30.00000000,18.75625246 65.00000000,17.62132730 85.00000000,16.95531770 95.00000000,16.79208015 135.00000000,16.47245661 175.00000000,15.38517055             
0.00000000,19.69408358 30.00000000,18.71546360 65.00000000,17.58053844 85.00000000,16.94104160 95.00000000,16.77999154 135.00000000,16.43166775 175.00000000,15.18122627             
0.10197214 0.04078886 0.04078886 0.01427610 0.01208861 0.04078886 0.20394428             
0.93783112 1.09413630 0.62522074 0.31261037 0.14388601 1.25044149 0.00000000             
0.20394428 0.20394428 0.20394428 0.20394428 0.04029536 0.20394428 0.00000000             
0.00000000,20.00000000 30.00000000,18.96019674 65.00000000,17.82527158 85.00000000,17.15926198 95.00000000,16.83237551 135.00000000,16.67640089 175.00000000,15.38517055             
0.00000000,19.89802786 30.00000000,18.91940789 65.00000000,17.78448273 85.00000000,17.14498588 95.00000000,16.82028690 135.00000000,16.63561204 175.00000000,15.18122627             
0.00000000,19.79605572 30.00000000,18.75625246 65.00000000,17.62132730 85.00000000,16.95531770 95.00000000,16.79208015 135.00000000,16.47245661 175.00000000,15.38517055             
0.00000000,19.69408358 30.00000000,18.71546360 65.00000000,17.58053844 85.00000000,16.94104160 95.00000000,16.77999154 135.00000000,16.43166775 175.00000000,15.18122627             
0.10197214 0.04078886 0.04078886 0.01427610 0.01208861 0.04078886 0.20394428             
0.93783112 1.09413630 0.62522074 0.31261037 0.14388601 1.25044149 0.00000000             
0.20394428 0.20394428 0.20394428 0.20394428 0.04029536 0.20394428 0.00000000             
0.00000000,20.00000000 30.00000000,18.96019674 65.00000000,17.82527158 85.00000000,17.15926198 95.00000000,16.83237551 135.00000000,16.67640089 175.00000000,15.38517055             
0.00000000,19.89802786 30.00000000,18.91940789 65.00000000,17.78448273 85.00000000,17.14498588 95.00000000,16.82028690 135.00000000,16.63561204 175.00000000,15.18122627             
0.00000000,19.79605572 30.00000000,18.75625246 65.00000000,17.62132730 85.00000000,16.95531770 95.00000000,16.79208015 135.00000000,16.47245661 175.00000000,15.38517055             
0.00000000,19.69408358 30.00000000,18.71546360 65.00000000,17.58053844 85.00000000,16.94104160 95.00000000,16.77999154 135.00000000,16.43166775 175.00000000,15.18122627             
